512250646
-533092482
-445120465
-526317355
-526317356
-526317358
-526317359
-526317360
445120465
526317354
526317356
526317358
526317359
526317360
375469255
375469257
-440259398
440259398
-564742510
564742523
-564742515
564742484
-513711718
513711718
-513698063
513698063
-513711717
513711717
-513484726
513484726
-421309542
421309542
-564692936
-564692937
564692936
564692937
-342132845
342132845
-355525431
-355525433
355525431
355525433
-556902136
556902136
-556902135
556902135
-421309541
421309541
460421475
-492485179
174369670
492485179
-364965226
364965226
428237371
4722443
-384119475
384119475
-297839766
-297839767
-297839773
-564742525
297839766
297839767
297839768
297839771
297839773
564742525
gneE760
gneE761
-528243341
-528243343
-6397899
263689012
437804558
456124866
528243341
528243343
6394468
6397899
-660629627
660629627
-394220396
-394220397
394220396
394220397
-27183266
-340368687
27183266
340368687
