-103052754
-138384190
-156745205
-158718822
-158882561
-165086023
-169510049
-169510053
-173222265
-174369629
-174369640
-174863878
-174863879
-179222052
-207998916
-209695044
-215409820
-239801865
-242276401
-242276402
-242276405
-242276411
-26397240
-27183282
-322780521
-330874565
-330874566
-330983024
-332956742
-335522773
-337671935
-337673345
-338073586
-355525433
-355823455
-357030434
-357030436
-357030879
-357561048
-357821832
-360589169
-360589173
-360589177
-361785342
-362643251
-363193928
-364249825
-364249826
-365612090
-366902650
-367207952
-368831835
-372143245
-372662349
-384071418
-384119078
-384119079
-384119468
-384121126
-385042374
-385042381
-385042383
-391470504
-397027079
-397027080
-400068341
-400068342
-415157005
-421309541
-427651805
-428098978
-428098985
-428246446
-428246476
-428247745
-428314464
-431431061
-431431067
-436629934
-436629936
-436755551
-436912716
-436949380
-437113125
-438086607
-439990304
-440259398
-443644085
-443644088
-443644089
-462700212
-476761920
-483300586
-483300587
-483300588
-486841652
-492881128
-513484879
-513711716
-513711717
-514619140
-515721723
-526317368
-526317371
-532098638
-53919513
-550938510
-562598476
-564692940
-564692942
-564692967
-564692970
-564693052
-564742473
-564742474
-564742479
-564742485
-564742489
-564742493
-564742502
-564742503
-564742505
-564742507
-564742510
-564742512
-564742514
-564742515
-564742518
-564742519
-564742527
-56629831
-592065234
-639807274
-6456054
-6475768
-652136935
-660629627
-660635738
-660639284
-660639289
-660839026
-667052572
-676657448
103052754
118979622
124272619
133397802
133397802.24
138384190
158718822
158882561
165086023
169510053
171723255
173222265
174369629
174369640
174863878
174863879
209695044
215404830
215409820
22760375
22917213
238026554
242276401
242276402
242276405
242276411
243738307
26397240
27183282
27183318
297839767
322780521
330874566
330983024
331926451
332187361
332187362
335522773
337673345
338073586
338073587
355525433
355823453
355823455
357030434
357030436
357030879
357561048
357821832
360589169
360589173
360589174
360589177
360589178
360589220
361785342
362643251
363193928
364249825
364249826
365378965
365612089
365612090
365612091
367065793
367067754
367192355
367207952
367208504
372143245
372662349
375469257
379843029
384069790
384071418
384119078
384119079
384121126
385042374
385042381
385042383
387237224
395355949
395355950
395355954
397027079
397027080
400068341
400068342
411436903
411436905
411436908
415141354
415157002
415157005
427651805
428098978
428098981
428098982
428098985
428247745
431431053
431431061
431431067
432313098
436629933
436629934
436755551
436912716
436949380
437113125
438086607
439990304
440259398
443482431
445119553
445119554
445120459
466211472
4755249
476761920
476763379
486841226
486841652
492881128
498387129
513484879
513711716
513711717
515721723
526317368
532098638
548267481
548291532
548757679
550938510
562598476
564692940
564692942
564692967
564692969
564693055
564693057
564693058
564742455
564742458
564742461
564742474
564742484
564742485
564742489
564742493
564742502
564742503
564742506
564742507
564742512
564742514
564742518
564742519
564742523
564742527
592065234
6347503
6382397
639807274
6430729
6436440
6456054
651779820
660629627
660635738
660639284
660639289
660839026
gneE342
gneE343
gneE428
gneE451
gneE476
gneE477.103
gneE684
gneE714
gneE724
gneE73
gneE760
