-124940792#1
105899959
106731574#1
106927265
106927266
123889278
123889278.406
123889279
123889306
124045518#0
124045518#1
124272619
124272625
124272639
124940792#0
13866256#1
14017470
14017473
15257850
157032158#1
158143939
171121248
171121261
171121264
171121268
171121275
174699607
22768206
22768208
245265271#0
306258895#0
306258895#0.1330
306258895#0.316
306258895#1
332949672
332963118
340094350
35824613
38008150
38008151
38008152
38008153
38008156
402084473
402084477
402084478
425811432
427907033
428230611
428230615
428230632
428230639
428237371
428246932
428246934
431431041
431431042
431431055
431431063
431431065
435753589
435753590
436165683#0
452336723
452336728
452336740
4712855
4712862.117
4712866
4712870
4712882
4712882.10
4712885#0
4722443
4729558
4743829
4748960
4748960.15
4748962
4748963
4748969
4748973
4748974
4748976
4748987
4748988
4748990#0
4748992
4748998
4749000
4749002
4749003
4749004
4749006
4749013
4749017
4755208#1
4755209#0
4755219#0
4755239
4755249
4755256
4848517
4848633
486260018
4910867
4910870
4910873
4910875
49394449
5130429
531618831
531638072#0
531678155
533110451
56178980
56178982
58560464#0
60786858#1
621342731
621426664#0
621426664#1
622519710
8044214
96260963
96260966
96260967
96260970
97129768#1
97129777
97130456
gneE216
gneE733
gneE758
gneE765
gneE769
gneE773
gneE774
pseudoMercer1
pseudoMercer2
pseudoMercer3
pseudoMercer4
